0        10777.0      12392.0    13672.0     1800.1198169
1        9032.0      10360.0    12571.0     1800.2391403000001
2        10038.0      11336.0    12400.0     1800.2924838999998
3        11033.000000000002      12446.0    14756.0     1800.2556336000007
4        10083.0      11306.0    13534.0     1800.2909746000005
5        8233.0      9324.0    12246.0     1800.298013900001
6        10270.0      11649.0    13312.0     1800.2211176
7        9723.0      11252.0    13519.0     1800.3444104999999
8        11022.0      12294.0    14856.0     1281.181619500001
9        10729.0      12014.0    14474.0     1800.1552149000017
