0        3513.0      3985.0    4956.0     11.447177599999122
1        3889.0000000000005      4501.0    5023.0     9.053618300007656
2        5401.0      6055.0    6380.0     7.055886999936774
3        4066.0      4564.0    5690.0     4.387982800020836
4        4484.999999999999      5192.0    6052.0     7.125842900015414
5        4471.0      5032.0    5492.0     5.375418699928559
6        3897.0      4304.0    5361.0     3.7185497999889776
7        5595.0      6287.0    6443.0     7.3012064000358805
8        5101.0      5481.0    6049.0     2.2880951000843197
9        3856.9999999999995      4315.0    5663.0     7.705419600009918
