0        3108.9999999999995      3485.0    4105.0     2.294441599980928
1        3668.0      4027.0    5338.0     1.620314299943857
2        2667.0      2936.0    3184.0     2.3270618999376893
3        3585.9999999999995      4215.0    4703.0     2.8142477999208495
4        3891.9999999999995      4329.0    4667.0     1.8821727000176907
5        3725.0      4064.0    4564.0     0.8849271999206394
6        2698.0      3080.0    3274.0     2.2220054999925196
7        4050.0      4516.0    4564.0     1.54467700002715
8        2677.0      2981.0    3468.0     2.3359760999446735
9        2476.0      2775.0    3657.0     1.8749222999904305
