0        2758.0      3155.0    3217.0     0.6831265999935567
1        1737.0000000000002      1964.0    2071.0     0.6945825999137014
2        2165.0      2289.0    2794.0     0.8373292998876423
3        2747.0      3028.0    3697.0     0.5591801999835297
4        2366.0      2518.0    2822.0     0.6119154000189155
5        1906.0      2271.0    2957.0     1.2551047999877483
6        2931.0      3165.0    3597.0     0.6745252000400797
7        3638.0      4048.0    4894.0     0.6297789999516681
8        2297.0      2486.0    2547.0     0.4502807999961078
9        2276.0      2448.0    3374.0     0.50301230000332
