0        5532.0      6254.0    7518.0     46.589736100053415
1        5272.0      6150.0    7134.0     115.66522590001114
2        5862.999999999999      6626.0    7988.0     27.01425989996642
3        6889.999999999999      7858.0    8686.0     43.46858000010252
4        5842.0      6740.0    8248.0     64.47817140002735
5        5363.0      6102.0    8124.0     30.225898399949074
6        6321.0      7064.0    8613.0     23.17285129998345
7        6775.999999999999      7494.0    9305.0     34.85204479994718
8        6733.0      7659.0    8843.0     86.81159070006106
9        5843.000000000001      6614.0    8392.0     23.116646399954334
