0        7905.0      0.7147058999999993
1        7511.0      0.7105008000000002
2        8400.0      0.6927626
3        7808.0      0.6961010999999999
4        6838.0      0.6944353999999997
5        8532.0      0.7070209999999992
6        9432.0      0.7103685999999989
7        8890.0      0.7033139999999989
8        6708.0      0.6990098000000007
9        8495.0      0.6890447999999996
10        6821.0      0.6899786999999993
11        7862.0      0.6902545999999994
12        9427.0      0.6903424999999999
13        7942.0      0.6833328000000005
14        7809.0      0.691881200000001
15        8856.0      0.6941851999999997
16        6705.0      0.6930310000000013
17        8262.0      0.6965280000000007
18        9208.0      0.6973886
19        8354.0      0.7221848000000008
