0        4280.0      4748.0    5164.0     0.8316234999999996
1        3600.0      4036.0    4300.0     1.1434368
2        2579.0      2788.0    3324.0     0.7106532000000003
3        3293.0      3573.0    4394.0     1.0261683999999995
4        3464.0      3775.0    4339.0     1.3492233999999996
5        3746.0      4098.0    4268.0     1.0257324999999993
6        2792.0      2941.0    3690.0     0.49515259999999905
7        3362.0      3790.0    3986.0     1.2431857999999991
8        3358.0      3790.0    4029.0     0.7055410000000002
9        3800.0      4261.0    4873.0     0.8590856000000002
