0        1955.0      2255.0    2788.0     0.40595469999999967
1        2325.0      2464.0    3892.0     0.34411780000000025
2        1963.0      2081.0    2241.0     0.34372599999999975
3        2339.0      2624.0    3020.0     0.21457269999999973
4        2937.0      3299.0    3299.0     0.4412509
5        1828.0      1947.0    2834.0     0.2490578999999995
6        2740.0      3116.0    3288.0     0.5634264999999994
7        2164.0      2421.0    2565.0     0.5279403
8        1882.0      2089.0    2203.0     0.5001446999999999
9        2364.0      2617.0    3355.0     0.37456900000000015
