0        2617.0      3007.0    4050.0     4.406988999999999
1        3752.0000000000005      4292.0    5065.0     6.714631100000001
2        3326.0      3775.0    4712.0     7.4881142999999994
3        3900.0      4415.0    5098.0     3.0416482999999985
4        4577.0      5134.0    5689.0     3.0173254000000007
5        4518.0      5258.0    5913.0     5.943353799999997
6        4090.0      4585.0    5513.0     2.5075046999999984
7        5280.0      5799.0    6209.0     3.3240419000000045
8        2526.0      2837.0    3996.0     5.008041499999997
9        4176.0      4756.0    5220.0     5.3847144
