0       7538.0      8364.0    9819.0     228.65802380000002
1       7879.999999999999      9076.0    11049.0     1200.0979286999998
2        6916.0      7725.0    10178.0     270.3015929000003
3       8578.0      9688.0    11319.0     1200.0931536000003
4       9471.0      10591.0    12129.0     111.73522830000002
5      6805.0      7751.0    9965.0     1200.0956464
6        8563.0      9719.0    11067.0     438.7391521999998
7        6957.0      7839.0    9644.0     432.7182888999996
8        7954.999999999999      9069.0    11247.0     1200.118561700001
9       8955.0      9820.0    11817.0     79.62409160000061
