0        7452.0      8169.0    10070.0     14.794163000000001
1        6646.0      7387.0    10051.0     15.63445750000001
2        6560.0      7482.0    8498.0     18.075016299999987
3        6234.0      7396.0    9041.0     66.08264879999999
4        9718.0      11123.0    12596.0     127.06868070000002
5        6849.0      7717.0    9169.0     31.15116169999999
6        5573.0      6505.0    7572.0     50.89585399999987
7        4807.0      5609.0    7059.0     47.90989310000009
8        6162.999999999999      7167.0    8117.0     37.432191900000134
9        4960.0      5436.0    7511.0     7.362409900000102

